{
 "cells": [
  {
   "cell_type": "code",
   "execution_count": 1,
   "metadata": {},
   "outputs": [],
   "source": [
    "import pandas as pd\n",
    "\n",
    "df = pd.read_csv('cleanData2.csv', index_col=0)"
   ]
  },
  {
   "cell_type": "code",
   "execution_count": 3,
   "metadata": {},
   "outputs": [],
   "source": [
    "df1 = pd.read_csv('Normalized1.csv', index_col=0)"
   ]
  },
  {
   "cell_type": "code",
   "execution_count": 2,
   "metadata": {},
   "outputs": [
    {
     "data": {
      "text/plain": [
       "Text(0, 0.5, 'Mass')"
      ]
     },
     "execution_count": 2,
     "metadata": {},
     "output_type": "execute_result"
    }
   ],
   "source": [
    "import matplotlib.pyplot as plt\n",
    "\n",
    "fig, ax = plt.subplots()\n",
    "ax.scatter(df['st_teff'], df['st_mass'])\n",
    "ax.set_title('Temperature vs. Mass')\n",
    "ax.set_xlabel('Temperature')\n",
    "ax.set_ylabel('Mass')"
   ]
  },
  {
   "cell_type": "code",
   "execution_count": 16,
   "metadata": {},
   "outputs": [
    {
     "data": {
      "text/html": [
       "<div>\n",
       "<style scoped>\n",
       "    .dataframe tbody tr th:only-of-type {\n",
       "        vertical-align: middle;\n",
       "    }\n",
       "\n",
       "    .dataframe tbody tr th {\n",
       "        vertical-align: top;\n",
       "    }\n",
       "\n",
       "    .dataframe thead th {\n",
       "        text-align: right;\n",
       "    }\n",
       "</style>\n",
       "<table border=\"1\" class=\"dataframe\">\n",
       "  <thead>\n",
       "    <tr style=\"text-align: right;\">\n",
       "      <th></th>\n",
       "      <th>pl_pnum</th>\n",
       "      <th>pl_orbper</th>\n",
       "      <th>pl_orbpererr1</th>\n",
       "      <th>pl_orbpererr2</th>\n",
       "      <th>ra</th>\n",
       "      <th>dec</th>\n",
       "      <th>st_dist</th>\n",
       "      <th>st_disterr1</th>\n",
       "      <th>st_disterr2</th>\n",
       "      <th>st_optmag</th>\n",
       "      <th>st_teff</th>\n",
       "      <th>st_tefferr1</th>\n",
       "      <th>st_tefferr2</th>\n",
       "      <th>st_mass</th>\n",
       "      <th>st_masserr1</th>\n",
       "      <th>st_masserr2</th>\n",
       "      <th>st_rad</th>\n",
       "      <th>st_raderr1</th>\n",
       "      <th>st_raderr2</th>\n",
       "    </tr>\n",
       "  </thead>\n",
       "  <tbody>\n",
       "    <tr>\n",
       "      <th>pl_pnum</th>\n",
       "      <td>1.000000</td>\n",
       "      <td>-0.012394</td>\n",
       "      <td>-0.013104</td>\n",
       "      <td>0.013683</td>\n",
       "      <td>0.105325</td>\n",
       "      <td>0.108419</td>\n",
       "      <td>-0.029362</td>\n",
       "      <td>-0.135348</td>\n",
       "      <td>0.099476</td>\n",
       "      <td>0.038583</td>\n",
       "      <td>-0.044947</td>\n",
       "      <td>0.123518</td>\n",
       "      <td>-0.085583</td>\n",
       "      <td>-0.148059</td>\n",
       "      <td>0.053006</td>\n",
       "      <td>-0.030076</td>\n",
       "      <td>-0.099521</td>\n",
       "      <td>-0.019347</td>\n",
       "      <td>-0.001896</td>\n",
       "    </tr>\n",
       "    <tr>\n",
       "      <th>pl_orbper</th>\n",
       "      <td>-0.012394</td>\n",
       "      <td>1.000000</td>\n",
       "      <td>0.999168</td>\n",
       "      <td>-0.999325</td>\n",
       "      <td>-0.004064</td>\n",
       "      <td>-0.037019</td>\n",
       "      <td>-0.016189</td>\n",
       "      <td>-0.009972</td>\n",
       "      <td>0.006517</td>\n",
       "      <td>-0.005262</td>\n",
       "      <td>-0.018583</td>\n",
       "      <td>0.019496</td>\n",
       "      <td>-0.015662</td>\n",
       "      <td>-0.049731</td>\n",
       "      <td>-0.016093</td>\n",
       "      <td>0.017901</td>\n",
       "      <td>-0.000057</td>\n",
       "      <td>-0.002100</td>\n",
       "      <td>0.003114</td>\n",
       "    </tr>\n",
       "    <tr>\n",
       "      <th>pl_orbpererr1</th>\n",
       "      <td>-0.013104</td>\n",
       "      <td>0.999168</td>\n",
       "      <td>1.000000</td>\n",
       "      <td>-0.998674</td>\n",
       "      <td>-0.003639</td>\n",
       "      <td>-0.034592</td>\n",
       "      <td>-0.013636</td>\n",
       "      <td>-0.008263</td>\n",
       "      <td>0.005095</td>\n",
       "      <td>0.001147</td>\n",
       "      <td>-0.017931</td>\n",
       "      <td>0.020529</td>\n",
       "      <td>-0.016549</td>\n",
       "      <td>-0.052949</td>\n",
       "      <td>-0.015295</td>\n",
       "      <td>0.016872</td>\n",
       "      <td>-0.000482</td>\n",
       "      <td>-0.002123</td>\n",
       "      <td>0.003320</td>\n",
       "    </tr>\n",
       "    <tr>\n",
       "      <th>pl_orbpererr2</th>\n",
       "      <td>0.013683</td>\n",
       "      <td>-0.999325</td>\n",
       "      <td>-0.998674</td>\n",
       "      <td>1.000000</td>\n",
       "      <td>0.003729</td>\n",
       "      <td>0.035733</td>\n",
       "      <td>0.015338</td>\n",
       "      <td>0.009481</td>\n",
       "      <td>-0.006392</td>\n",
       "      <td>0.003247</td>\n",
       "      <td>0.019929</td>\n",
       "      <td>-0.020937</td>\n",
       "      <td>0.016934</td>\n",
       "      <td>0.051067</td>\n",
       "      <td>0.016244</td>\n",
       "      <td>-0.018066</td>\n",
       "      <td>0.001608</td>\n",
       "      <td>0.002278</td>\n",
       "      <td>-0.003657</td>\n",
       "    </tr>\n",
       "    <tr>\n",
       "      <th>ra</th>\n",
       "      <td>0.105325</td>\n",
       "      <td>-0.004064</td>\n",
       "      <td>-0.003639</td>\n",
       "      <td>0.003729</td>\n",
       "      <td>1.000000</td>\n",
       "      <td>0.459396</td>\n",
       "      <td>0.271290</td>\n",
       "      <td>0.187084</td>\n",
       "      <td>-0.100095</td>\n",
       "      <td>0.503417</td>\n",
       "      <td>0.019873</td>\n",
       "      <td>0.258838</td>\n",
       "      <td>-0.226960</td>\n",
       "      <td>-0.132342</td>\n",
       "      <td>0.004395</td>\n",
       "      <td>0.048811</td>\n",
       "      <td>-0.209235</td>\n",
       "      <td>-0.014901</td>\n",
       "      <td>0.064945</td>\n",
       "    </tr>\n",
       "    <tr>\n",
       "      <th>dec</th>\n",
       "      <td>0.108419</td>\n",
       "      <td>-0.037019</td>\n",
       "      <td>-0.034592</td>\n",
       "      <td>0.035733</td>\n",
       "      <td>0.459396</td>\n",
       "      <td>1.000000</td>\n",
       "      <td>0.148551</td>\n",
       "      <td>0.099207</td>\n",
       "      <td>0.020847</td>\n",
       "      <td>0.485890</td>\n",
       "      <td>-0.104842</td>\n",
       "      <td>0.203390</td>\n",
       "      <td>-0.203280</td>\n",
       "      <td>-0.033298</td>\n",
       "      <td>-0.001516</td>\n",
       "      <td>0.032849</td>\n",
       "      <td>-0.192830</td>\n",
       "      <td>-0.002470</td>\n",
       "      <td>0.052356</td>\n",
       "    </tr>\n",
       "    <tr>\n",
       "      <th>st_dist</th>\n",
       "      <td>-0.029362</td>\n",
       "      <td>-0.016189</td>\n",
       "      <td>-0.013636</td>\n",
       "      <td>0.015338</td>\n",
       "      <td>0.271290</td>\n",
       "      <td>0.148551</td>\n",
       "      <td>1.000000</td>\n",
       "      <td>0.636750</td>\n",
       "      <td>-0.671443</td>\n",
       "      <td>0.430735</td>\n",
       "      <td>0.334062</td>\n",
       "      <td>0.227755</td>\n",
       "      <td>-0.162522</td>\n",
       "      <td>-0.076243</td>\n",
       "      <td>0.137163</td>\n",
       "      <td>-0.086760</td>\n",
       "      <td>0.063544</td>\n",
       "      <td>-0.010016</td>\n",
       "      <td>0.019168</td>\n",
       "    </tr>\n",
       "    <tr>\n",
       "      <th>st_disterr1</th>\n",
       "      <td>-0.135348</td>\n",
       "      <td>-0.009972</td>\n",
       "      <td>-0.008263</td>\n",
       "      <td>0.009481</td>\n",
       "      <td>0.187084</td>\n",
       "      <td>0.099207</td>\n",
       "      <td>0.636750</td>\n",
       "      <td>1.000000</td>\n",
       "      <td>-0.818180</td>\n",
       "      <td>0.258906</td>\n",
       "      <td>0.302506</td>\n",
       "      <td>0.210425</td>\n",
       "      <td>-0.308038</td>\n",
       "      <td>0.045170</td>\n",
       "      <td>0.295536</td>\n",
       "      <td>-0.162202</td>\n",
       "      <td>0.090863</td>\n",
       "      <td>0.219445</td>\n",
       "      <td>0.005843</td>\n",
       "    </tr>\n",
       "    <tr>\n",
       "      <th>st_disterr2</th>\n",
       "      <td>0.099476</td>\n",
       "      <td>0.006517</td>\n",
       "      <td>0.005095</td>\n",
       "      <td>-0.006392</td>\n",
       "      <td>-0.100095</td>\n",
       "      <td>0.020847</td>\n",
       "      <td>-0.671443</td>\n",
       "      <td>-0.818180</td>\n",
       "      <td>1.000000</td>\n",
       "      <td>-0.176522</td>\n",
       "      <td>-0.395157</td>\n",
       "      <td>-0.128604</td>\n",
       "      <td>0.086220</td>\n",
       "      <td>0.016675</td>\n",
       "      <td>-0.181424</td>\n",
       "      <td>0.172307</td>\n",
       "      <td>-0.216809</td>\n",
       "      <td>-0.014907</td>\n",
       "      <td>0.040947</td>\n",
       "    </tr>\n",
       "    <tr>\n",
       "      <th>st_optmag</th>\n",
       "      <td>0.038583</td>\n",
       "      <td>-0.005262</td>\n",
       "      <td>0.001147</td>\n",
       "      <td>0.003247</td>\n",
       "      <td>0.503417</td>\n",
       "      <td>0.485890</td>\n",
       "      <td>0.430735</td>\n",
       "      <td>0.258906</td>\n",
       "      <td>-0.176522</td>\n",
       "      <td>1.000000</td>\n",
       "      <td>0.047738</td>\n",
       "      <td>0.411439</td>\n",
       "      <td>-0.353588</td>\n",
       "      <td>-0.422024</td>\n",
       "      <td>-0.060434</td>\n",
       "      <td>0.137082</td>\n",
       "      <td>-0.414705</td>\n",
       "      <td>-0.062223</td>\n",
       "      <td>0.152424</td>\n",
       "    </tr>\n",
       "    <tr>\n",
       "      <th>st_teff</th>\n",
       "      <td>-0.044947</td>\n",
       "      <td>-0.018583</td>\n",
       "      <td>-0.017931</td>\n",
       "      <td>0.019929</td>\n",
       "      <td>0.019873</td>\n",
       "      <td>-0.104842</td>\n",
       "      <td>0.334062</td>\n",
       "      <td>0.302506</td>\n",
       "      <td>-0.395157</td>\n",
       "      <td>0.047738</td>\n",
       "      <td>1.000000</td>\n",
       "      <td>0.056116</td>\n",
       "      <td>-0.068481</td>\n",
       "      <td>0.030903</td>\n",
       "      <td>0.063620</td>\n",
       "      <td>-0.064862</td>\n",
       "      <td>0.192049</td>\n",
       "      <td>0.008285</td>\n",
       "      <td>-0.013116</td>\n",
       "    </tr>\n",
       "    <tr>\n",
       "      <th>st_tefferr1</th>\n",
       "      <td>0.123518</td>\n",
       "      <td>0.019496</td>\n",
       "      <td>0.020529</td>\n",
       "      <td>-0.020937</td>\n",
       "      <td>0.258838</td>\n",
       "      <td>0.203390</td>\n",
       "      <td>0.227755</td>\n",
       "      <td>0.210425</td>\n",
       "      <td>-0.128604</td>\n",
       "      <td>0.411439</td>\n",
       "      <td>0.056116</td>\n",
       "      <td>1.000000</td>\n",
       "      <td>-0.790723</td>\n",
       "      <td>-0.063215</td>\n",
       "      <td>0.138165</td>\n",
       "      <td>-0.104020</td>\n",
       "      <td>-0.183447</td>\n",
       "      <td>0.000754</td>\n",
       "      <td>0.014986</td>\n",
       "    </tr>\n",
       "    <tr>\n",
       "      <th>st_tefferr2</th>\n",
       "      <td>-0.085583</td>\n",
       "      <td>-0.015662</td>\n",
       "      <td>-0.016549</td>\n",
       "      <td>0.016934</td>\n",
       "      <td>-0.226960</td>\n",
       "      <td>-0.203280</td>\n",
       "      <td>-0.162522</td>\n",
       "      <td>-0.308038</td>\n",
       "      <td>0.086220</td>\n",
       "      <td>-0.353588</td>\n",
       "      <td>-0.068481</td>\n",
       "      <td>-0.790723</td>\n",
       "      <td>1.000000</td>\n",
       "      <td>0.014230</td>\n",
       "      <td>-0.213022</td>\n",
       "      <td>0.096652</td>\n",
       "      <td>0.162738</td>\n",
       "      <td>-0.488921</td>\n",
       "      <td>-0.013690</td>\n",
       "    </tr>\n",
       "    <tr>\n",
       "      <th>st_mass</th>\n",
       "      <td>-0.148059</td>\n",
       "      <td>-0.049731</td>\n",
       "      <td>-0.052949</td>\n",
       "      <td>0.051067</td>\n",
       "      <td>-0.132342</td>\n",
       "      <td>-0.033298</td>\n",
       "      <td>-0.076243</td>\n",
       "      <td>0.045170</td>\n",
       "      <td>0.016675</td>\n",
       "      <td>-0.422024</td>\n",
       "      <td>0.030903</td>\n",
       "      <td>-0.063215</td>\n",
       "      <td>0.014230</td>\n",
       "      <td>1.000000</td>\n",
       "      <td>0.248379</td>\n",
       "      <td>-0.359223</td>\n",
       "      <td>0.301405</td>\n",
       "      <td>0.107548</td>\n",
       "      <td>-0.199111</td>\n",
       "    </tr>\n",
       "    <tr>\n",
       "      <th>st_masserr1</th>\n",
       "      <td>0.053006</td>\n",
       "      <td>-0.016093</td>\n",
       "      <td>-0.015295</td>\n",
       "      <td>0.016244</td>\n",
       "      <td>0.004395</td>\n",
       "      <td>-0.001516</td>\n",
       "      <td>0.137163</td>\n",
       "      <td>0.295536</td>\n",
       "      <td>-0.181424</td>\n",
       "      <td>-0.060434</td>\n",
       "      <td>0.063620</td>\n",
       "      <td>0.138165</td>\n",
       "      <td>-0.213022</td>\n",
       "      <td>0.248379</td>\n",
       "      <td>1.000000</td>\n",
       "      <td>-0.849278</td>\n",
       "      <td>0.322927</td>\n",
       "      <td>0.347221</td>\n",
       "      <td>-0.422798</td>\n",
       "    </tr>\n",
       "    <tr>\n",
       "      <th>st_masserr2</th>\n",
       "      <td>-0.030076</td>\n",
       "      <td>0.017901</td>\n",
       "      <td>0.016872</td>\n",
       "      <td>-0.018066</td>\n",
       "      <td>0.048811</td>\n",
       "      <td>0.032849</td>\n",
       "      <td>-0.086760</td>\n",
       "      <td>-0.162202</td>\n",
       "      <td>0.172307</td>\n",
       "      <td>0.137082</td>\n",
       "      <td>-0.064862</td>\n",
       "      <td>-0.104020</td>\n",
       "      <td>0.096652</td>\n",
       "      <td>-0.359223</td>\n",
       "      <td>-0.849278</td>\n",
       "      <td>1.000000</td>\n",
       "      <td>-0.474916</td>\n",
       "      <td>-0.265187</td>\n",
       "      <td>0.618901</td>\n",
       "    </tr>\n",
       "    <tr>\n",
       "      <th>st_rad</th>\n",
       "      <td>-0.099521</td>\n",
       "      <td>-0.000057</td>\n",
       "      <td>-0.000482</td>\n",
       "      <td>0.001608</td>\n",
       "      <td>-0.209235</td>\n",
       "      <td>-0.192830</td>\n",
       "      <td>0.063544</td>\n",
       "      <td>0.090863</td>\n",
       "      <td>-0.216809</td>\n",
       "      <td>-0.414705</td>\n",
       "      <td>0.192049</td>\n",
       "      <td>-0.183447</td>\n",
       "      <td>0.162738</td>\n",
       "      <td>0.301405</td>\n",
       "      <td>0.322927</td>\n",
       "      <td>-0.474916</td>\n",
       "      <td>1.000000</td>\n",
       "      <td>0.242569</td>\n",
       "      <td>-0.594548</td>\n",
       "    </tr>\n",
       "    <tr>\n",
       "      <th>st_raderr1</th>\n",
       "      <td>-0.019347</td>\n",
       "      <td>-0.002100</td>\n",
       "      <td>-0.002123</td>\n",
       "      <td>0.002278</td>\n",
       "      <td>-0.014901</td>\n",
       "      <td>-0.002470</td>\n",
       "      <td>-0.010016</td>\n",
       "      <td>0.219445</td>\n",
       "      <td>-0.014907</td>\n",
       "      <td>-0.062223</td>\n",
       "      <td>0.008285</td>\n",
       "      <td>0.000754</td>\n",
       "      <td>-0.488921</td>\n",
       "      <td>0.107548</td>\n",
       "      <td>0.347221</td>\n",
       "      <td>-0.265187</td>\n",
       "      <td>0.242569</td>\n",
       "      <td>1.000000</td>\n",
       "      <td>-0.410561</td>\n",
       "    </tr>\n",
       "    <tr>\n",
       "      <th>st_raderr2</th>\n",
       "      <td>-0.001896</td>\n",
       "      <td>0.003114</td>\n",
       "      <td>0.003320</td>\n",
       "      <td>-0.003657</td>\n",
       "      <td>0.064945</td>\n",
       "      <td>0.052356</td>\n",
       "      <td>0.019168</td>\n",
       "      <td>0.005843</td>\n",
       "      <td>0.040947</td>\n",
       "      <td>0.152424</td>\n",
       "      <td>-0.013116</td>\n",
       "      <td>0.014986</td>\n",
       "      <td>-0.013690</td>\n",
       "      <td>-0.199111</td>\n",
       "      <td>-0.422798</td>\n",
       "      <td>0.618901</td>\n",
       "      <td>-0.594548</td>\n",
       "      <td>-0.410561</td>\n",
       "      <td>1.000000</td>\n",
       "    </tr>\n",
       "  </tbody>\n",
       "</table>\n",
       "</div>"
      ],
      "text/plain": [
       "                pl_pnum  pl_orbper  pl_orbpererr1  pl_orbpererr2        ra  \\\n",
       "pl_pnum        1.000000  -0.012394      -0.013104       0.013683  0.105325   \n",
       "pl_orbper     -0.012394   1.000000       0.999168      -0.999325 -0.004064   \n",
       "pl_orbpererr1 -0.013104   0.999168       1.000000      -0.998674 -0.003639   \n",
       "pl_orbpererr2  0.013683  -0.999325      -0.998674       1.000000  0.003729   \n",
       "ra             0.105325  -0.004064      -0.003639       0.003729  1.000000   \n",
       "dec            0.108419  -0.037019      -0.034592       0.035733  0.459396   \n",
       "st_dist       -0.029362  -0.016189      -0.013636       0.015338  0.271290   \n",
       "st_disterr1   -0.135348  -0.009972      -0.008263       0.009481  0.187084   \n",
       "st_disterr2    0.099476   0.006517       0.005095      -0.006392 -0.100095   \n",
       "st_optmag      0.038583  -0.005262       0.001147       0.003247  0.503417   \n",
       "st_teff       -0.044947  -0.018583      -0.017931       0.019929  0.019873   \n",
       "st_tefferr1    0.123518   0.019496       0.020529      -0.020937  0.258838   \n",
       "st_tefferr2   -0.085583  -0.015662      -0.016549       0.016934 -0.226960   \n",
       "st_mass       -0.148059  -0.049731      -0.052949       0.051067 -0.132342   \n",
       "st_masserr1    0.053006  -0.016093      -0.015295       0.016244  0.004395   \n",
       "st_masserr2   -0.030076   0.017901       0.016872      -0.018066  0.048811   \n",
       "st_rad        -0.099521  -0.000057      -0.000482       0.001608 -0.209235   \n",
       "st_raderr1    -0.019347  -0.002100      -0.002123       0.002278 -0.014901   \n",
       "st_raderr2    -0.001896   0.003114       0.003320      -0.003657  0.064945   \n",
       "\n",
       "                    dec   st_dist  st_disterr1  st_disterr2  st_optmag  \\\n",
       "pl_pnum        0.108419 -0.029362    -0.135348     0.099476   0.038583   \n",
       "pl_orbper     -0.037019 -0.016189    -0.009972     0.006517  -0.005262   \n",
       "pl_orbpererr1 -0.034592 -0.013636    -0.008263     0.005095   0.001147   \n",
       "pl_orbpererr2  0.035733  0.015338     0.009481    -0.006392   0.003247   \n",
       "ra             0.459396  0.271290     0.187084    -0.100095   0.503417   \n",
       "dec            1.000000  0.148551     0.099207     0.020847   0.485890   \n",
       "st_dist        0.148551  1.000000     0.636750    -0.671443   0.430735   \n",
       "st_disterr1    0.099207  0.636750     1.000000    -0.818180   0.258906   \n",
       "st_disterr2    0.020847 -0.671443    -0.818180     1.000000  -0.176522   \n",
       "st_optmag      0.485890  0.430735     0.258906    -0.176522   1.000000   \n",
       "st_teff       -0.104842  0.334062     0.302506    -0.395157   0.047738   \n",
       "st_tefferr1    0.203390  0.227755     0.210425    -0.128604   0.411439   \n",
       "st_tefferr2   -0.203280 -0.162522    -0.308038     0.086220  -0.353588   \n",
       "st_mass       -0.033298 -0.076243     0.045170     0.016675  -0.422024   \n",
       "st_masserr1   -0.001516  0.137163     0.295536    -0.181424  -0.060434   \n",
       "st_masserr2    0.032849 -0.086760    -0.162202     0.172307   0.137082   \n",
       "st_rad        -0.192830  0.063544     0.090863    -0.216809  -0.414705   \n",
       "st_raderr1    -0.002470 -0.010016     0.219445    -0.014907  -0.062223   \n",
       "st_raderr2     0.052356  0.019168     0.005843     0.040947   0.152424   \n",
       "\n",
       "                st_teff  st_tefferr1  st_tefferr2   st_mass  st_masserr1  \\\n",
       "pl_pnum       -0.044947     0.123518    -0.085583 -0.148059     0.053006   \n",
       "pl_orbper     -0.018583     0.019496    -0.015662 -0.049731    -0.016093   \n",
       "pl_orbpererr1 -0.017931     0.020529    -0.016549 -0.052949    -0.015295   \n",
       "pl_orbpererr2  0.019929    -0.020937     0.016934  0.051067     0.016244   \n",
       "ra             0.019873     0.258838    -0.226960 -0.132342     0.004395   \n",
       "dec           -0.104842     0.203390    -0.203280 -0.033298    -0.001516   \n",
       "st_dist        0.334062     0.227755    -0.162522 -0.076243     0.137163   \n",
       "st_disterr1    0.302506     0.210425    -0.308038  0.045170     0.295536   \n",
       "st_disterr2   -0.395157    -0.128604     0.086220  0.016675    -0.181424   \n",
       "st_optmag      0.047738     0.411439    -0.353588 -0.422024    -0.060434   \n",
       "st_teff        1.000000     0.056116    -0.068481  0.030903     0.063620   \n",
       "st_tefferr1    0.056116     1.000000    -0.790723 -0.063215     0.138165   \n",
       "st_tefferr2   -0.068481    -0.790723     1.000000  0.014230    -0.213022   \n",
       "st_mass        0.030903    -0.063215     0.014230  1.000000     0.248379   \n",
       "st_masserr1    0.063620     0.138165    -0.213022  0.248379     1.000000   \n",
       "st_masserr2   -0.064862    -0.104020     0.096652 -0.359223    -0.849278   \n",
       "st_rad         0.192049    -0.183447     0.162738  0.301405     0.322927   \n",
       "st_raderr1     0.008285     0.000754    -0.488921  0.107548     0.347221   \n",
       "st_raderr2    -0.013116     0.014986    -0.013690 -0.199111    -0.422798   \n",
       "\n",
       "               st_masserr2    st_rad  st_raderr1  st_raderr2  \n",
       "pl_pnum          -0.030076 -0.099521   -0.019347   -0.001896  \n",
       "pl_orbper         0.017901 -0.000057   -0.002100    0.003114  \n",
       "pl_orbpererr1     0.016872 -0.000482   -0.002123    0.003320  \n",
       "pl_orbpererr2    -0.018066  0.001608    0.002278   -0.003657  \n",
       "ra                0.048811 -0.209235   -0.014901    0.064945  \n",
       "dec               0.032849 -0.192830   -0.002470    0.052356  \n",
       "st_dist          -0.086760  0.063544   -0.010016    0.019168  \n",
       "st_disterr1      -0.162202  0.090863    0.219445    0.005843  \n",
       "st_disterr2       0.172307 -0.216809   -0.014907    0.040947  \n",
       "st_optmag         0.137082 -0.414705   -0.062223    0.152424  \n",
       "st_teff          -0.064862  0.192049    0.008285   -0.013116  \n",
       "st_tefferr1      -0.104020 -0.183447    0.000754    0.014986  \n",
       "st_tefferr2       0.096652  0.162738   -0.488921   -0.013690  \n",
       "st_mass          -0.359223  0.301405    0.107548   -0.199111  \n",
       "st_masserr1      -0.849278  0.322927    0.347221   -0.422798  \n",
       "st_masserr2       1.000000 -0.474916   -0.265187    0.618901  \n",
       "st_rad           -0.474916  1.000000    0.242569   -0.594548  \n",
       "st_raderr1       -0.265187  0.242569    1.000000   -0.410561  \n",
       "st_raderr2        0.618901 -0.594548   -0.410561    1.000000  "
      ]
     },
     "execution_count": 16,
     "metadata": {},
     "output_type": "execute_result"
    }
   ],
   "source": [
    "df.corr(method ='pearson')"
   ]
  },
  {
   "cell_type": "code",
   "execution_count": 8,
   "metadata": {},
   "outputs": [
    {
     "data": {
      "text/plain": [
       "pandas.core.frame.DataFrame"
      ]
     },
     "execution_count": 8,
     "metadata": {},
     "output_type": "execute_result"
    }
   ],
   "source": [
    "type(x)"
   ]
  },
  {
   "cell_type": "code",
   "execution_count": 12,
   "metadata": {},
   "outputs": [
    {
     "ename": "KeyError",
     "evalue": "Pandas(Index=1, pl_name='11 Com b', pl_discmethod='Radial Velocity', pl_pnum=1, pl_orbper=326.03, pl_orbpererr1=0.32, pl_orbpererr2=-0.32, ra_str='12h20m43.03s', ra=185.179276, dec_str='+17d47m34.3s', dec=17.792868, st_dist=110.62, st_disterr1=9.61, st_disterr2=-11.63, st_optmag=4.74, st_optband='V (Johnson)', st_teff=4742.0, st_tefferr1=100.0, st_tefferr2=-100.0, st_mass=2.7, st_masserr1=0.3, st_masserr2=-0.3, st_rad=19.0, st_raderr1=2.0, st_raderr2=-2.0)",
     "output_type": "error",
     "traceback": [
      "\u001b[1;31m---------------------------------------------------------------------------\u001b[0m",
      "\u001b[1;31mKeyError\u001b[0m                                  Traceback (most recent call last)",
      "\u001b[1;32m~\\Anaconda3\\lib\\site-packages\\pandas\\core\\indexes\\base.py\u001b[0m in \u001b[0;36mget_loc\u001b[1;34m(self, key, method, tolerance)\u001b[0m\n\u001b[0;32m   2656\u001b[0m             \u001b[1;32mtry\u001b[0m\u001b[1;33m:\u001b[0m\u001b[1;33m\u001b[0m\u001b[1;33m\u001b[0m\u001b[0m\n\u001b[1;32m-> 2657\u001b[1;33m                 \u001b[1;32mreturn\u001b[0m \u001b[0mself\u001b[0m\u001b[1;33m.\u001b[0m\u001b[0m_engine\u001b[0m\u001b[1;33m.\u001b[0m\u001b[0mget_loc\u001b[0m\u001b[1;33m(\u001b[0m\u001b[0mkey\u001b[0m\u001b[1;33m)\u001b[0m\u001b[1;33m\u001b[0m\u001b[1;33m\u001b[0m\u001b[0m\n\u001b[0m\u001b[0;32m   2658\u001b[0m             \u001b[1;32mexcept\u001b[0m \u001b[0mKeyError\u001b[0m\u001b[1;33m:\u001b[0m\u001b[1;33m\u001b[0m\u001b[1;33m\u001b[0m\u001b[0m\n",
      "\u001b[1;32mpandas/_libs/index.pyx\u001b[0m in \u001b[0;36mpandas._libs.index.IndexEngine.get_loc\u001b[1;34m()\u001b[0m\n",
      "\u001b[1;32mpandas/_libs/index.pyx\u001b[0m in \u001b[0;36mpandas._libs.index.IndexEngine.get_loc\u001b[1;34m()\u001b[0m\n",
      "\u001b[1;32mpandas/_libs/hashtable_class_helper.pxi\u001b[0m in \u001b[0;36mpandas._libs.hashtable.PyObjectHashTable.get_item\u001b[1;34m()\u001b[0m\n",
      "\u001b[1;32mpandas/_libs/hashtable_class_helper.pxi\u001b[0m in \u001b[0;36mpandas._libs.hashtable.PyObjectHashTable.get_item\u001b[1;34m()\u001b[0m\n",
      "\u001b[1;31mKeyError\u001b[0m: Pandas(Index=1, pl_name='11 Com b', pl_discmethod='Radial Velocity', pl_pnum=1, pl_orbper=326.03, pl_orbpererr1=0.32, pl_orbpererr2=-0.32, ra_str='12h20m43.03s', ra=185.179276, dec_str='+17d47m34.3s', dec=17.792868, st_dist=110.62, st_disterr1=9.61, st_disterr2=-11.63, st_optmag=4.74, st_optband='V (Johnson)', st_teff=4742.0, st_tefferr1=100.0, st_tefferr2=-100.0, st_mass=2.7, st_masserr1=0.3, st_masserr2=-0.3, st_rad=19.0, st_raderr1=2.0, st_raderr2=-2.0)",
      "\nDuring handling of the above exception, another exception occurred:\n",
      "\u001b[1;31mKeyError\u001b[0m                                  Traceback (most recent call last)",
      "\u001b[1;32m<ipython-input-12-1228535b803d>\u001b[0m in \u001b[0;36m<module>\u001b[1;34m\u001b[0m\n\u001b[0;32m      1\u001b[0m \u001b[1;32mfor\u001b[0m \u001b[0mi\u001b[0m \u001b[1;32min\u001b[0m \u001b[0mdf\u001b[0m\u001b[1;33m.\u001b[0m\u001b[0mitertuples\u001b[0m\u001b[1;33m(\u001b[0m\u001b[1;33m)\u001b[0m\u001b[1;33m:\u001b[0m\u001b[1;33m\u001b[0m\u001b[1;33m\u001b[0m\u001b[0m\n\u001b[0;32m      2\u001b[0m     \u001b[1;32mfor\u001b[0m \u001b[0mj\u001b[0m \u001b[1;32min\u001b[0m \u001b[0mrange\u001b[0m\u001b[1;33m(\u001b[0m\u001b[0mlen\u001b[0m\u001b[1;33m(\u001b[0m\u001b[0mi\u001b[0m\u001b[1;33m)\u001b[0m\u001b[1;33m)\u001b[0m\u001b[1;33m:\u001b[0m\u001b[1;33m\u001b[0m\u001b[1;33m\u001b[0m\u001b[0m\n\u001b[1;32m----> 3\u001b[1;33m         \u001b[1;32mif\u001b[0m\u001b[1;33m(\u001b[0m\u001b[0mdf\u001b[0m\u001b[1;33m[\u001b[0m\u001b[0mi\u001b[0m\u001b[1;33m]\u001b[0m\u001b[1;33m[\u001b[0m\u001b[0mj\u001b[0m\u001b[1;33m]\u001b[0m\u001b[1;33m>\u001b[0m\u001b[1;36m0.4\u001b[0m\u001b[1;33m)\u001b[0m\u001b[1;33m:\u001b[0m\u001b[1;33m\u001b[0m\u001b[1;33m\u001b[0m\u001b[0m\n\u001b[0m\u001b[0;32m      4\u001b[0m             \u001b[0mprint\u001b[0m\u001b[1;33m(\u001b[0m\u001b[1;34m\"i:\"\u001b[0m\u001b[1;33m,\u001b[0m\u001b[0mi\u001b[0m\u001b[1;33m,\u001b[0m\u001b[1;34m\"j:\"\u001b[0m\u001b[1;33m,\u001b[0m\u001b[0mj\u001b[0m\u001b[1;33m,\u001b[0m\u001b[1;34m\"df[i][j]\"\u001b[0m\u001b[1;33m,\u001b[0m\u001b[0mdf\u001b[0m\u001b[1;33m[\u001b[0m\u001b[0mi\u001b[0m\u001b[1;33m]\u001b[0m\u001b[1;33m[\u001b[0m\u001b[0mj\u001b[0m\u001b[1;33m]\u001b[0m\u001b[1;33m)\u001b[0m\u001b[1;33m\u001b[0m\u001b[1;33m\u001b[0m\u001b[0m\n",
      "\u001b[1;32m~\\Anaconda3\\lib\\site-packages\\pandas\\core\\frame.py\u001b[0m in \u001b[0;36m__getitem__\u001b[1;34m(self, key)\u001b[0m\n\u001b[0;32m   2925\u001b[0m             \u001b[1;32mif\u001b[0m \u001b[0mself\u001b[0m\u001b[1;33m.\u001b[0m\u001b[0mcolumns\u001b[0m\u001b[1;33m.\u001b[0m\u001b[0mnlevels\u001b[0m \u001b[1;33m>\u001b[0m \u001b[1;36m1\u001b[0m\u001b[1;33m:\u001b[0m\u001b[1;33m\u001b[0m\u001b[1;33m\u001b[0m\u001b[0m\n\u001b[0;32m   2926\u001b[0m                 \u001b[1;32mreturn\u001b[0m \u001b[0mself\u001b[0m\u001b[1;33m.\u001b[0m\u001b[0m_getitem_multilevel\u001b[0m\u001b[1;33m(\u001b[0m\u001b[0mkey\u001b[0m\u001b[1;33m)\u001b[0m\u001b[1;33m\u001b[0m\u001b[1;33m\u001b[0m\u001b[0m\n\u001b[1;32m-> 2927\u001b[1;33m             \u001b[0mindexer\u001b[0m \u001b[1;33m=\u001b[0m \u001b[0mself\u001b[0m\u001b[1;33m.\u001b[0m\u001b[0mcolumns\u001b[0m\u001b[1;33m.\u001b[0m\u001b[0mget_loc\u001b[0m\u001b[1;33m(\u001b[0m\u001b[0mkey\u001b[0m\u001b[1;33m)\u001b[0m\u001b[1;33m\u001b[0m\u001b[1;33m\u001b[0m\u001b[0m\n\u001b[0m\u001b[0;32m   2928\u001b[0m             \u001b[1;32mif\u001b[0m \u001b[0mis_integer\u001b[0m\u001b[1;33m(\u001b[0m\u001b[0mindexer\u001b[0m\u001b[1;33m)\u001b[0m\u001b[1;33m:\u001b[0m\u001b[1;33m\u001b[0m\u001b[1;33m\u001b[0m\u001b[0m\n\u001b[0;32m   2929\u001b[0m                 \u001b[0mindexer\u001b[0m \u001b[1;33m=\u001b[0m \u001b[1;33m[\u001b[0m\u001b[0mindexer\u001b[0m\u001b[1;33m]\u001b[0m\u001b[1;33m\u001b[0m\u001b[1;33m\u001b[0m\u001b[0m\n",
      "\u001b[1;32m~\\Anaconda3\\lib\\site-packages\\pandas\\core\\indexes\\base.py\u001b[0m in \u001b[0;36mget_loc\u001b[1;34m(self, key, method, tolerance)\u001b[0m\n\u001b[0;32m   2657\u001b[0m                 \u001b[1;32mreturn\u001b[0m \u001b[0mself\u001b[0m\u001b[1;33m.\u001b[0m\u001b[0m_engine\u001b[0m\u001b[1;33m.\u001b[0m\u001b[0mget_loc\u001b[0m\u001b[1;33m(\u001b[0m\u001b[0mkey\u001b[0m\u001b[1;33m)\u001b[0m\u001b[1;33m\u001b[0m\u001b[1;33m\u001b[0m\u001b[0m\n\u001b[0;32m   2658\u001b[0m             \u001b[1;32mexcept\u001b[0m \u001b[0mKeyError\u001b[0m\u001b[1;33m:\u001b[0m\u001b[1;33m\u001b[0m\u001b[1;33m\u001b[0m\u001b[0m\n\u001b[1;32m-> 2659\u001b[1;33m                 \u001b[1;32mreturn\u001b[0m \u001b[0mself\u001b[0m\u001b[1;33m.\u001b[0m\u001b[0m_engine\u001b[0m\u001b[1;33m.\u001b[0m\u001b[0mget_loc\u001b[0m\u001b[1;33m(\u001b[0m\u001b[0mself\u001b[0m\u001b[1;33m.\u001b[0m\u001b[0m_maybe_cast_indexer\u001b[0m\u001b[1;33m(\u001b[0m\u001b[0mkey\u001b[0m\u001b[1;33m)\u001b[0m\u001b[1;33m)\u001b[0m\u001b[1;33m\u001b[0m\u001b[1;33m\u001b[0m\u001b[0m\n\u001b[0m\u001b[0;32m   2660\u001b[0m         \u001b[0mindexer\u001b[0m \u001b[1;33m=\u001b[0m \u001b[0mself\u001b[0m\u001b[1;33m.\u001b[0m\u001b[0mget_indexer\u001b[0m\u001b[1;33m(\u001b[0m\u001b[1;33m[\u001b[0m\u001b[0mkey\u001b[0m\u001b[1;33m]\u001b[0m\u001b[1;33m,\u001b[0m \u001b[0mmethod\u001b[0m\u001b[1;33m=\u001b[0m\u001b[0mmethod\u001b[0m\u001b[1;33m,\u001b[0m \u001b[0mtolerance\u001b[0m\u001b[1;33m=\u001b[0m\u001b[0mtolerance\u001b[0m\u001b[1;33m)\u001b[0m\u001b[1;33m\u001b[0m\u001b[1;33m\u001b[0m\u001b[0m\n\u001b[0;32m   2661\u001b[0m         \u001b[1;32mif\u001b[0m \u001b[0mindexer\u001b[0m\u001b[1;33m.\u001b[0m\u001b[0mndim\u001b[0m \u001b[1;33m>\u001b[0m \u001b[1;36m1\u001b[0m \u001b[1;32mor\u001b[0m \u001b[0mindexer\u001b[0m\u001b[1;33m.\u001b[0m\u001b[0msize\u001b[0m \u001b[1;33m>\u001b[0m \u001b[1;36m1\u001b[0m\u001b[1;33m:\u001b[0m\u001b[1;33m\u001b[0m\u001b[1;33m\u001b[0m\u001b[0m\n",
      "\u001b[1;32mpandas/_libs/index.pyx\u001b[0m in \u001b[0;36mpandas._libs.index.IndexEngine.get_loc\u001b[1;34m()\u001b[0m\n",
      "\u001b[1;32mpandas/_libs/index.pyx\u001b[0m in \u001b[0;36mpandas._libs.index.IndexEngine.get_loc\u001b[1;34m()\u001b[0m\n",
      "\u001b[1;32mpandas/_libs/hashtable_class_helper.pxi\u001b[0m in \u001b[0;36mpandas._libs.hashtable.PyObjectHashTable.get_item\u001b[1;34m()\u001b[0m\n",
      "\u001b[1;32mpandas/_libs/hashtable_class_helper.pxi\u001b[0m in \u001b[0;36mpandas._libs.hashtable.PyObjectHashTable.get_item\u001b[1;34m()\u001b[0m\n",
      "\u001b[1;31mKeyError\u001b[0m: Pandas(Index=1, pl_name='11 Com b', pl_discmethod='Radial Velocity', pl_pnum=1, pl_orbper=326.03, pl_orbpererr1=0.32, pl_orbpererr2=-0.32, ra_str='12h20m43.03s', ra=185.179276, dec_str='+17d47m34.3s', dec=17.792868, st_dist=110.62, st_disterr1=9.61, st_disterr2=-11.63, st_optmag=4.74, st_optband='V (Johnson)', st_teff=4742.0, st_tefferr1=100.0, st_tefferr2=-100.0, st_mass=2.7, st_masserr1=0.3, st_masserr2=-0.3, st_rad=19.0, st_raderr1=2.0, st_raderr2=-2.0)"
     ]
    }
   ],
   "source": [
    "for i in df.itertuples():\n",
    "    for j in range(len(i)):\n",
    "        if(df[i][j]>0.4):\n",
    "            print(\"i:\",i,\"j:\",j,\"df[i][j]\",df[i][j])"
   ]
  },
  {
   "cell_type": "code",
   "execution_count": 15,
   "metadata": {},
   "outputs": [
    {
     "name": "stdout",
     "output_type": "stream",
     "text": [
      "                pl_pnum  pl_orbper  pl_orbpererr1  pl_orbpererr2        ra  \\\n",
      "pl_pnum        1.000000  -0.012394      -0.013104       0.013683  0.105325   \n",
      "pl_orbper     -0.012394   1.000000       0.999168      -0.999325 -0.004064   \n",
      "pl_orbpererr1 -0.013104   0.999168       1.000000      -0.998674 -0.003639   \n",
      "pl_orbpererr2  0.013683  -0.999325      -0.998674       1.000000  0.003729   \n",
      "ra             0.105325  -0.004064      -0.003639       0.003729  1.000000   \n",
      "dec            0.108419  -0.037019      -0.034592       0.035733  0.459396   \n",
      "st_dist       -0.029362  -0.016189      -0.013636       0.015338  0.271290   \n",
      "st_disterr1   -0.135348  -0.009972      -0.008263       0.009481  0.187084   \n",
      "st_disterr2    0.099476   0.006517       0.005095      -0.006392 -0.100095   \n",
      "st_optmag      0.038583  -0.005262       0.001147       0.003247  0.503417   \n",
      "st_teff       -0.044947  -0.018583      -0.017931       0.019929  0.019873   \n",
      "st_tefferr1    0.123518   0.019496       0.020529      -0.020937  0.258838   \n",
      "st_tefferr2   -0.085583  -0.015662      -0.016549       0.016934 -0.226960   \n",
      "st_mass       -0.148059  -0.049731      -0.052949       0.051067 -0.132342   \n",
      "st_masserr1    0.053006  -0.016093      -0.015295       0.016244  0.004395   \n",
      "st_masserr2   -0.030076   0.017901       0.016872      -0.018066  0.048811   \n",
      "st_rad        -0.099521  -0.000057      -0.000482       0.001608 -0.209235   \n",
      "st_raderr1    -0.019347  -0.002100      -0.002123       0.002278 -0.014901   \n",
      "st_raderr2    -0.001896   0.003114       0.003320      -0.003657  0.064945   \n",
      "\n",
      "                    dec   st_dist  st_disterr1  st_disterr2  st_optmag  \\\n",
      "pl_pnum        0.108419 -0.029362    -0.135348     0.099476   0.038583   \n",
      "pl_orbper     -0.037019 -0.016189    -0.009972     0.006517  -0.005262   \n",
      "pl_orbpererr1 -0.034592 -0.013636    -0.008263     0.005095   0.001147   \n",
      "pl_orbpererr2  0.035733  0.015338     0.009481    -0.006392   0.003247   \n",
      "ra             0.459396  0.271290     0.187084    -0.100095   0.503417   \n",
      "dec            1.000000  0.148551     0.099207     0.020847   0.485890   \n",
      "st_dist        0.148551  1.000000     0.636750    -0.671443   0.430735   \n",
      "st_disterr1    0.099207  0.636750     1.000000    -0.818180   0.258906   \n",
      "st_disterr2    0.020847 -0.671443    -0.818180     1.000000  -0.176522   \n",
      "st_optmag      0.485890  0.430735     0.258906    -0.176522   1.000000   \n",
      "st_teff       -0.104842  0.334062     0.302506    -0.395157   0.047738   \n",
      "st_tefferr1    0.203390  0.227755     0.210425    -0.128604   0.411439   \n",
      "st_tefferr2   -0.203280 -0.162522    -0.308038     0.086220  -0.353588   \n",
      "st_mass       -0.033298 -0.076243     0.045170     0.016675  -0.422024   \n",
      "st_masserr1   -0.001516  0.137163     0.295536    -0.181424  -0.060434   \n",
      "st_masserr2    0.032849 -0.086760    -0.162202     0.172307   0.137082   \n",
      "st_rad        -0.192830  0.063544     0.090863    -0.216809  -0.414705   \n",
      "st_raderr1    -0.002470 -0.010016     0.219445    -0.014907  -0.062223   \n",
      "st_raderr2     0.052356  0.019168     0.005843     0.040947   0.152424   \n",
      "\n",
      "                st_teff  st_tefferr1  st_tefferr2   st_mass  st_masserr1  \\\n",
      "pl_pnum       -0.044947     0.123518    -0.085583 -0.148059     0.053006   \n",
      "pl_orbper     -0.018583     0.019496    -0.015662 -0.049731    -0.016093   \n",
      "pl_orbpererr1 -0.017931     0.020529    -0.016549 -0.052949    -0.015295   \n",
      "pl_orbpererr2  0.019929    -0.020937     0.016934  0.051067     0.016244   \n",
      "ra             0.019873     0.258838    -0.226960 -0.132342     0.004395   \n",
      "dec           -0.104842     0.203390    -0.203280 -0.033298    -0.001516   \n",
      "st_dist        0.334062     0.227755    -0.162522 -0.076243     0.137163   \n",
      "st_disterr1    0.302506     0.210425    -0.308038  0.045170     0.295536   \n",
      "st_disterr2   -0.395157    -0.128604     0.086220  0.016675    -0.181424   \n",
      "st_optmag      0.047738     0.411439    -0.353588 -0.422024    -0.060434   \n",
      "st_teff        1.000000     0.056116    -0.068481  0.030903     0.063620   \n",
      "st_tefferr1    0.056116     1.000000    -0.790723 -0.063215     0.138165   \n",
      "st_tefferr2   -0.068481    -0.790723     1.000000  0.014230    -0.213022   \n",
      "st_mass        0.030903    -0.063215     0.014230  1.000000     0.248379   \n",
      "st_masserr1    0.063620     0.138165    -0.213022  0.248379     1.000000   \n",
      "st_masserr2   -0.064862    -0.104020     0.096652 -0.359223    -0.849278   \n",
      "st_rad         0.192049    -0.183447     0.162738  0.301405     0.322927   \n",
      "st_raderr1     0.008285     0.000754    -0.488921  0.107548     0.347221   \n",
      "st_raderr2    -0.013116     0.014986    -0.013690 -0.199111    -0.422798   \n",
      "\n",
      "               st_masserr2    st_rad  st_raderr1  st_raderr2  \n",
      "pl_pnum          -0.030076 -0.099521   -0.019347   -0.001896  \n",
      "pl_orbper         0.017901 -0.000057   -0.002100    0.003114  \n",
      "pl_orbpererr1     0.016872 -0.000482   -0.002123    0.003320  \n",
      "pl_orbpererr2    -0.018066  0.001608    0.002278   -0.003657  \n",
      "ra                0.048811 -0.209235   -0.014901    0.064945  \n",
      "dec               0.032849 -0.192830   -0.002470    0.052356  \n",
      "st_dist          -0.086760  0.063544   -0.010016    0.019168  \n",
      "st_disterr1      -0.162202  0.090863    0.219445    0.005843  \n",
